================
# eco data set
================
random seed = 102
learn=1e-05, ep1=0.0001, ep2=0.0001, la1=10, la2=1

iteration=11000  L2=0.000493865440523
absolute sum 293.539523757
## confusion matrix
[[107   1  20   4   0   3   1   7]
 [  3  43   0   8  21   0   0   2]
 [  0   0   0   0   1   0   0   1]
 [  0   0   0   2   0   0   0   0]
 [  0   5   0   1  28   0   0   1]
 [  0   0   0   4   0   7   0   9]
 [  0   0   0   3   0   1   1   0]
 [  2   0   0   1   1   3   0  45]]
time,  37.3996219635
max RI,  0.837508884151
max Accu,  0.699404761905
RI,  0.830952380952
Accu,  0.693452380952

===============
# iris data set
===============
learn=1e-05, ep1=0.0001, ep2=0.0001, la1=10, la2=10
    Accu  RI
1   0.9 0.885906040268
2   0.946666666667 0.934138702461
3   0.933333333333 0.919463087248
4   0.906666666667 0.89225950783
5   0.906666666667 0.89225950783
6   0.926666666667 0.912393736018
7   0.926666666667 0.912393736018
8   0.913333333333 0.898791946309
9   0.9 0.885906040268
10  0.933333333333 0.919463087248
11  0.926666666667 0.912393736018
12  0.913333333333 0.898791946309
13  0.926666666667 0.912393736018
14  0.906666666667 0.89225950783
15  0.926666666667 0.912393736018
16  0.906666666667 0.89225950783
17  0.9 0.885906040268
18  0.906666666667 0.89225950783
19  0.9 0.885906040268
20  0.926666666667 0.912393736018
Average Result
    time,  173.131958008
    ARI:  0.780340650875
    RI:  0.902496644295
    Accu:  0.916666666667

===============
# pendigits data set
===============
learn=1e-05, ep1=0.001, ep2=0.001, la1=10, la2=10

iteration=12500 l2=0.00228635173218
## confusion matrix
[[1006    5    0    0    9    0    4    0  116    3]
 [   0  690  254   36    1    0    4   70    5   83]
 [   0   46 1020    0    0    0    0   78    0    0]
 [   0   65    0  986    1    0    0    1    0    2]
 [   0   13    0    0 1060    0   32    0    1   38]
 [   0   12    0  112    0  624    1    0    3  303]
 [   0    0    0    0    3    1 1049    0    2    1]
 [   0  161    2   42    0    4    0  901   32    0]
 [  18   28    0   13    0    2    0    6  984    4]
 [  10  139    0   27   59    0    0    0   18  802]]
time,  12724.230448
ARI,  0.687167081196
RI,  0.943074653379
Accu,  0.829876273654

